Some((
    red: 0.38431373,
    green: 0.44705883,
    blue: 0.6431373,
))