Some((
    red: 0.972549,
    green: 0.972549,
    blue: 0.9490196,
))