Some((
    red: 0.26666668,
    green: 0.2784314,
    blue: 0.3529412,
))