Some((
    red: 0.15686275,
    green: 0.16470589,
    blue: 0.21176471,
    alpha: 1.0,
))